lambda I
2.800e-07 4.731e-14
2.805e-07 1.231e-12
2.810e-07 5.689e-12
2.815e-07 1.566e-10
2.820e-07 1.195e-09
2.825e-07 4.544e-09
2.830e-07 1.845e-08
2.835e-07 3.536e-08
2.840e-07 7.267e-07
2.845e-07 2.486e-06
2.850e-07 8.014e-06
2.855e-07 4.261e-05
2.860e-07 1.368e-04
2.865e-07 8.382e-04
2.870e-07 2.737e-03
2.875e-07 1.090e-02
2.880e-07 6.234e-02
2.885e-07 1.716e-01
2.890e-07 5.626e-01
2.895e-07 2.075e+00
2.900e-07 6.017e+00
2.905e-07 1.378e+01
2.910e-07 3.505e+01
2.915e-07 1.091e+02
2.920e-07 2.683e+02
2.925e-07 4.269e+02
2.930e-07 8.647e+02
2.935e-07 2.271e+03
2.940e-07 4.174e+03
2.945e-07 6.591e+03
2.950e-07 1.229e+04
2.955e-07 2.783e+04
2.960e-07 4.790e+04
2.965e-07 7.134e+04
2.970e-07 9.680e+04
2.975e-07 1.861e+05
2.980e-07 2.899e+05
2.985e-07 3.579e+05
2.990e-07 4.921e+05
2.995e-07 8.607e+05
3.000e-07 1.020e+06
3.005e-07 1.245e+06
3.010e-07 1.930e+06
3.015e-07 2.691e+06
3.020e-07 2.921e+06
3.025e-07 4.284e+06
3.030e-07 7.094e+06
3.035e-07 8.980e+06
3.040e-07 9.470e+06
3.045e-07 1.195e+07
3.050e-07 1.646e+07
3.055e-07 1.872e+07
3.060e-07 1.858e+07
3.065e-07 2.111e+07
3.070e-07 2.785e+07
3.075e-07 3.564e+07
3.080e-07 3.784e+07
3.085e-07 4.143e+07
3.090e-07 4.053e+07
3.095e-07 4.331e+07
3.100e-07 5.094e+07
3.105e-07 6.554e+07
3.110e-07 8.292e+07
3.115e-07 8.408e+07
3.120e-07 9.338e+07
3.125e-07 9.898e+07
3.130e-07 1.073e+08
3.135e-07 1.076e+08
3.140e-07 1.197e+08
3.145e-07 1.306e+08
3.150e-07 1.362e+08
3.155e-07 1.184e+08
3.160e-07 1.235e+08
3.165e-07 1.504e+08
3.170e-07 1.716e+08
3.175e-07 1.824e+08
3.180e-07 1.759e+08
3.185e-07 1.859e+08
3.190e-07 2.047e+08
3.195e-07 1.959e+08
3.200e-07 2.053e+08
3.205e-07 2.452e+08
3.210e-07 2.502e+08
3.215e-07 2.384e+08
3.220e-07 2.220e+08
3.225e-07 2.171e+08
3.230e-07 2.123e+08
3.235e-07 2.486e+08
3.240e-07 2.754e+08
3.245e-07 2.832e+08
3.250e-07 2.789e+08
3.255e-07 3.244e+08
3.260e-07 3.812e+08
3.265e-07 4.072e+08
3.270e-07 3.981e+08
3.275e-07 3.846e+08
3.280e-07 3.512e+08
3.285e-07 3.716e+08
3.290e-07 4.224e+08
3.295e-07 4.688e+08
3.300e-07 4.714e+08
3.305e-07 4.280e+08
3.310e-07 4.026e+08
3.315e-07 4.181e+08
3.320e-07 4.362e+08
3.325e-07 4.392e+08
3.330e-07 4.294e+08
3.335e-07 4.072e+08
3.340e-07 4.150e+08
3.345e-07 4.451e+08
3.350e-07 4.639e+08
3.355e-07 4.531e+08
3.360e-07 4.152e+08
3.365e-07 3.821e+08
3.370e-07 3.738e+08
3.375e-07 4.005e+08
3.380e-07 4.341e+08
3.385e-07 4.553e+08
3.390e-07 4.636e+08
3.395e-07 4.745e+08
3.400e-07 5.018e+08
3.405e-07 5.007e+08
3.410e-07 4.714e+08
3.415e-07 4.694e+08
3.420e-07 4.893e+08
3.425e-07 5.077e+08
3.430e-07 5.149e+08
3.435e-07 4.861e+08
3.440e-07 4.184e+08
3.445e-07 4.031e+08
3.450e-07 4.590e+08
3.455e-07 4.893e+08
3.460e-07 4.778e+08
3.465e-07 4.866e+08
3.470e-07 4.940e+08
3.475e-07 4.767e+08
3.480e-07 4.751e+08
3.485e-07 4.834e+08
3.490e-07 4.656e+08
3.495e-07 4.780e+08
3.500e-07 5.280e+08
3.505e-07 5.674e+08
3.510e-07 5.517e+08
3.515e-07 5.302e+08
3.520e-07 5.179e+08
3.525e-07 4.896e+08
3.530e-07 5.204e+08
3.535e-07 5.723e+08
3.540e-07 6.050e+08
3.545e-07 6.116e+08
3.550e-07 6.114e+08
3.555e-07 5.903e+08
3.560e-07 5.539e+08
3.565e-07 5.194e+08
3.570e-07 4.567e+08
3.575e-07 4.622e+08
3.580e-07 4.301e+08
3.585e-07 3.993e+08
3.590e-07 4.695e+08
3.595e-07 5.655e+08
3.600e-07 5.982e+08
3.605e-07 5.653e+08
3.610e-07 5.202e+08
3.615e-07 5.096e+08
3.620e-07 5.342e+08
3.625e-07 5.851e+08
3.630e-07 6.019e+08
3.635e-07 5.854e+08
3.640e-07 6.063e+08
3.645e-07 6.006e+08
3.650e-07 6.236e+08
3.655e-07 6.863e+08
3.660e-07 7.353e+08
3.665e-07 7.366e+08
3.670e-07 7.228e+08
3.675e-07 7.091e+08
3.680e-07 6.676e+08
3.685e-07 6.631e+08
3.690e-07 6.932e+08
3.695e-07 7.447e+08
3.700e-07 7.551e+08
3.705e-07 6.826e+08
3.710e-07 6.934e+08
3.715e-07 7.205e+08
3.720e-07 6.744e+08
3.725e-07 6.425e+08
3.730e-07 6.189e+08
3.735e-07 5.579e+08
3.740e-07 5.564e+08
3.745e-07 5.523e+08
3.750e-07 5.893e+08
3.755e-07 6.516e+08
3.760e-07 6.748e+08
3.765e-07 6.639e+08
3.770e-07 7.122e+08
3.775e-07 7.946e+08
3.780e-07 8.560e+08
3.785e-07 8.342e+08
3.790e-07 7.439e+08
3.795e-07 6.668e+08
3.800e-07 7.008e+08
3.805e-07 7.508e+08
3.810e-07 7.638e+08
3.815e-07 6.884e+08
3.820e-07 5.868e+08
3.825e-07 5.076e+08
3.830e-07 4.550e+08
3.835e-07 4.405e+08
3.840e-07 5.097e+08
3.845e-07 6.136e+08
3.850e-07 6.736e+08
3.855e-07 6.436e+08
3.860e-07 6.210e+08
3.865e-07 6.457e+08
3.870e-07 6.515e+08
3.875e-07 6.420e+08
3.880e-07 6.358e+08
3.885e-07 6.314e+08
3.890e-07 6.854e+08
3.895e-07 7.597e+08
3.900e-07 7.970e+08
3.905e-07 8.037e+08
3.910e-07 8.514e+08
3.915e-07 8.634e+08
3.920e-07 7.949e+08
3.925e-07 6.626e+08
3.930e-07 4.798e+08
3.935e-07 3.815e+08
3.940e-07 4.957e+08
3.945e-07 6.838e+08
3.950e-07 8.077e+08
3.955e-07 8.604e+08
3.960e-07 7.566e+08
3.965e-07 5.502e+08
3.970e-07 4.262e+08
3.975e-07 6.294e+08
3.980e-07 8.525e+08
3.985e-07 1.007e+09
3.990e-07 1.069e+09
3.995e-07 1.102e+09
4.000e-07 1.114e+09
4.010e-07 1.160e+09
4.020e-07 1.206e+09
4.030e-07 1.161e+09
4.040e-07 1.180e+09
4.050e-07 1.151e+09
4.060e-07 1.123e+09
4.070e-07 1.103e+09
4.080e-07 1.151e+09
4.090e-07 1.230e+09
4.100e-07 1.048e+09
4.110e-07 1.174e+09
4.120e-07 1.248e+09
4.130e-07 1.197e+09
4.140e-07 1.184e+09
4.150e-07 1.226e+09
4.160e-07 1.262e+09
4.170e-07 1.231e+09
4.180e-07 1.178e+09
4.190e-07 1.226e+09
4.200e-07 1.123e+09
4.210e-07 1.276e+09
4.220e-07 1.258e+09
4.230e-07 1.218e+09
4.240e-07 1.212e+09
4.250e-07 1.249e+09
4.260e-07 1.214e+09
4.270e-07 1.172e+09
4.280e-07 1.184e+09
4.290e-07 1.096e+09
4.300e-07 8.746e+08
4.310e-07 7.939e+08
4.320e-07 1.321e+09
4.330e-07 1.229e+09
4.340e-07 1.135e+09
4.350e-07 1.245e+09
4.360e-07 1.366e+09
4.370e-07 1.394e+09
4.380e-07 1.224e+09
4.390e-07 1.178e+09
4.400e-07 1.350e+09
4.410e-07 1.331e+09
4.420e-07 1.425e+09
4.430e-07 1.445e+09
4.440e-07 1.408e+09
4.450e-07 1.462e+09
4.460e-07 1.311e+09
4.470e-07 1.490e+09
4.480e-07 1.508e+09
4.490e-07 1.504e+09
4.500e-07 1.560e+09
4.510e-07 1.617e+09
4.520e-07 1.548e+09
4.530e-07 1.430e+09
4.540e-07 1.534e+09
4.550e-07 1.522e+09
4.560e-07 1.572e+09
4.570e-07 1.585e+09
4.580e-07 1.551e+09
4.590e-07 1.539e+09
4.600e-07 1.529e+09
4.610e-07 1.583e+09
4.620e-07 1.598e+09
4.630e-07 1.603e+09
4.640e-07 1.554e+09
4.650e-07 1.535e+09
4.660e-07 1.567e+09
4.670e-07 1.497e+09
4.680e-07 1.562e+09
4.690e-07 1.568e+09
4.700e-07 1.508e+09
4.710e-07 1.533e+09
4.720e-07 1.613e+09
4.730e-07 1.550e+09
4.740e-07 1.567e+09
4.750e-07 1.618e+09
4.760e-07 1.563e+09
4.770e-07 1.572e+09
4.780e-07 1.623e+09
4.790e-07 1.592e+09
4.800e-07 1.403e+10
4.810e-07 1.618e+09
4.820e-07 1.624e+09
4.830e-07 1.604e+09
4.840e-07 1.573e+09
4.850e-07 1.568e+09
4.860e-07 1.272e+09
4.870e-07 1.424e+09
4.880e-07 1.541e+09
4.890e-07 1.452e+09
4.900e-07 1.622e+09
4.910e-07 1.560e+09
4.920e-07 1.487e+09
4.930e-07 1.590e+09
4.940e-07 1.552e+09
4.950e-07 1.648e+09
4.960e-07 1.568e+09
4.970e-07 1.594e+09
4.980e-07 1.551e+09
4.990e-07 1.551e+09
5.000e-07 1.545e+09
5.010e-07 1.498e+09
5.020e-07 1.497e+09
5.030e-07 1.565e+09
5.040e-07 1.459e+09
5.050e-07 1.564e+09
5.060e-07 1.626e+09
5.070e-07 1.556e+09
5.080e-07 1.516e+09
5.090e-07 1.589e+09
5.100e-07 1.548e+09
5.110e-07 1.577e+09
5.120e-07 1.619e+09
5.130e-07 1.521e+09
5.140e-07 1.488e+09
5.150e-07 1.531e+09
5.160e-07 1.546e+09
5.170e-07 1.259e+09
5.180e-07 1.440e+09
5.190e-07 1.396e+09
5.200e-07 1.524e+09
5.210e-07 1.535e+09
5.220e-07 1.569e+09
5.230e-07 1.479e+09
5.240e-07 1.590e+09
5.250e-07 1.578e+09
5.260e-07 1.534e+09
5.270e-07 1.342e+09
5.280e-07 1.536e+09
5.290e-07 1.607e+09
5.300e-07 1.545e+09
5.310e-07 1.629e+09
5.320e-07 1.600e+09
5.330e-07 1.429e+09
5.340e-07 1.530e+09
5.350e-07 1.554e+09
5.360e-07 1.620e+09
5.370e-07 1.499e+09
5.380e-07 1.574e+09
5.390e-07 1.535e+09
5.400e-07 1.482e+09
5.410e-07 1.425e+09
5.420e-07 1.551e+09
5.430e-07 1.526e+09
5.440e-07 1.579e+09
5.450e-07 1.544e+09
5.460e-07 1.529e+09
5.470e-07 1.549e+09
5.480e-07 1.505e+09
5.490e-07 1.552e+09
5.500e-07 1.540e+09
5.510e-07 1.538e+09
5.520e-07 1.570e+09
5.530e-07 1.525e+09
5.540e-07 1.555e+09
5.550e-07 1.563e+09
5.560e-07 1.537e+09
5.570e-07 1.499e+09
5.580e-07 1.531e+09
5.590e-07 1.448e+09
5.600e-07 1.474e+09
5.610e-07 1.560e+09
5.620e-07 1.485e+09
5.630e-07 1.541e+09
5.640e-07 1.511e+09
5.650e-07 1.520e+09
5.660e-07 1.437e+09
5.670e-07 1.532e+09
5.680e-07 1.518e+09
5.690e-07 1.481e+09
5.700e-07 1.482e+09
5.710e-07 1.433e+09
5.720e-07 1.513e+09
5.730e-07 1.520e+09
5.740e-07 1.512e+09
5.750e-07 1.478e+09
5.760e-07 1.465e+09
5.770e-07 1.502e+09
5.780e-07 1.456e+09
5.790e-07 1.477e+09
5.800e-07 1.502e+09
5.810e-07 1.509e+09
5.820e-07 1.532e+09
5.830e-07 1.548e+09
5.840e-07 1.545e+09
5.850e-07 1.532e+09
5.860e-07 1.495e+09
5.870e-07 1.528e+09
5.880e-07 1.493e+09
5.890e-07 1.289e+09
5.900e-07 1.371e+09
5.910e-07 1.466e+09
5.920e-07 1.435e+09
5.930e-07 1.456e+09
5.940e-07 1.449e+09
5.950e-07 1.431e+09
5.960e-07 1.474e+09
5.970e-07 1.479e+09
5.980e-07 1.461e+09
5.990e-07 1.461e+09
6.000e-07 1.475e+09
6.010e-07 1.458e+09
6.020e-07 1.436e+09
6.030e-07 1.466e+09
6.040e-07 1.492e+09
6.050e-07 1.490e+09
6.060e-07 1.482e+09
6.070e-07 1.491e+09
6.080e-07 1.486e+09
6.090e-07 1.475e+09
6.100e-07 1.469e+09
6.110e-07 1.461e+09
6.120e-07 1.483e+09
6.130e-07 1.462e+09
6.140e-07 1.418e+09
6.150e-07 1.470e+09
6.160e-07 1.431e+09
6.170e-07 1.413e+09
6.180e-07 1.466e+09
6.190e-07 1.473e+09
6.200e-07 1.474e+09
6.210e-07 1.480e+09
6.220e-07 1.427e+09
6.230e-07 1.416e+09
6.240e-07 1.412e+09
6.250e-07 1.403e+09
6.260e-07 1.401e+09
6.270e-07 1.442e+09
6.280e-07 1.363e+09
6.290e-07 1.411e+09
6.300e-07 1.392e+09
6.310e-07 1.416e+09
6.320e-07 1.364e+09
6.330e-07 1.451e+09
6.340e-07 1.428e+09
6.350e-07 1.446e+09
6.360e-07 1.413e+09
6.370e-07 1.461e+09
6.380e-07 1.471e+09
6.390e-07 1.465e+09
6.400e-07 1.434e+09
6.410e-07 1.435e+09
6.420e-07 1.438e+09
6.430e-07 1.452e+09
6.440e-07 1.446e+09
6.450e-07 1.457e+09
6.460e-07 1.415e+09
6.470e-07 1.409e+09
6.480e-07 1.395e+09
6.490e-07 1.352e+09
6.500e-07 1.359e+09
6.510e-07 1.445e+09
6.520e-07 1.387e+09
6.530e-07 1.431e+09
6.540e-07 1.415e+09
6.550e-07 1.350e+09
6.560e-07 1.185e+09
6.570e-07 1.239e+09
6.580e-07 1.386e+09
6.590e-07 1.390e+09
6.600e-07 1.399e+09
6.610e-07 1.393e+09
6.620e-07 1.382e+09
6.630e-07 1.384e+09
6.640e-07 1.397e+09
6.650e-07 1.421e+09
6.660e-07 1.420e+09
6.670e-07 1.410e+09
6.680e-07 1.415e+09
6.690e-07 1.439e+09
6.700e-07 1.420e+09
6.710e-07 1.417e+09
6.720e-07 1.397e+09
6.730e-07 1.409e+09
6.740e-07 1.407e+09
6.750e-07 1.396e+09
6.760e-07 1.412e+09
6.770e-07 1.399e+09
6.780e-07 1.407e+09
6.790e-07 1.395e+09
6.800e-07 1.397e+09
6.810e-07 1.392e+09
6.820e-07 1.398e+09
6.830e-07 1.383e+09
6.840e-07 1.374e+09
6.850e-07 1.375e+09
6.860e-07 1.344e+09
6.870e-07 9.682e+08
6.880e-07 1.121e+09
6.890e-07 1.128e+09
6.900e-07 1.182e+09
6.910e-07 1.233e+09
6.920e-07 1.269e+09
6.930e-07 1.261e+09
6.940e-07 1.246e+09
6.950e-07 1.271e+09
6.960e-07 1.268e+09
6.970e-07 1.340e+09
6.980e-07 1.319e+09
6.990e-07 1.292e+09
7.000e-07 1.282e+09
7.010e-07 1.266e+09
7.020e-07 1.267e+09
7.030e-07 1.275e+09
7.040e-07 1.308e+09
7.050e-07 1.321e+09
7.060e-07 1.314e+09
7.070e-07 1.309e+09
7.080e-07 1.305e+09
7.090e-07 1.310e+09
7.100e-07 1.318e+09
7.110e-07 1.316e+09
7.120e-07 1.307e+09
7.130e-07 1.292e+09
7.140e-07 1.303e+09
7.150e-07 1.259e+09
7.160e-07 1.272e+09
7.170e-07 1.107e+09
7.180e-07 1.030e+09
7.190e-07 9.232e+08
7.200e-07 9.855e+08
7.210e-07 1.086e+09
7.220e-07 1.241e+09
7.230e-07 1.144e+09
7.240e-07 1.056e+09
7.250e-07 1.038e+09
7.260e-07 1.081e+09
7.270e-07 1.085e+09
7.280e-07 1.040e+09
7.290e-07 1.047e+09
7.300e-07 1.128e+09
7.310e-07 1.070e+09
7.320e-07 1.153e+09
7.330e-07 1.196e+09
7.340e-07 1.236e+09
7.350e-07 1.218e+09
7.360e-07 1.206e+09
7.370e-07 1.204e+09
7.380e-07 1.227e+09
7.390e-07 1.190e+09
7.400e-07 1.220e+09
7.410e-07 1.215e+09
7.420e-07 1.215e+09
7.430e-07 1.240e+09
7.440e-07 1.250e+09
7.450e-07 1.250e+09
7.460e-07 1.247e+09
7.470e-07 1.248e+09
7.480e-07 1.240e+09
7.490e-07 1.236e+09
7.500e-07 1.234e+09
7.510e-07 1.229e+09
7.520e-07 1.233e+09
7.530e-07 1.227e+09
7.540e-07 1.242e+09
7.550e-07 1.238e+09
7.560e-07 1.223e+09
7.570e-07 1.222e+09
7.580e-07 1.230e+09
7.590e-07 1.194e+09
7.600e-07 2.660e+08
7.610e-07 1.540e+08
7.620e-07 6.877e+08
7.630e-07 3.795e+08
7.640e-07 5.388e+08
7.650e-07 6.860e+08
7.660e-07 8.146e+08
7.670e-07 9.742e+08
7.680e-07 1.114e+09
7.690e-07 1.128e+09
7.700e-07 1.161e+09
7.710e-07 1.169e+09
7.720e-07 1.178e+09
7.730e-07 1.177e+09
7.740e-07 1.177e+09
7.750e-07 1.177e+09
7.760e-07 1.180e+09
7.770e-07 1.173e+09
7.780e-07 1.171e+09
7.790e-07 1.176e+09
7.800e-07 1.164e+09
7.810e-07 1.161e+09
7.820e-07 1.166e+09
7.830e-07 1.161e+09
7.840e-07 1.154e+09
7.850e-07 1.159e+09
7.860e-07 1.159e+09
7.870e-07 1.145e+09
7.880e-07 1.130e+09
7.890e-07 1.126e+09
7.900e-07 1.091e+09
7.910e-07 1.106e+09
7.920e-07 1.095e+09
7.930e-07 1.088e+09
7.940e-07 1.097e+09
7.950e-07 1.093e+09
7.960e-07 1.074e+09
7.970e-07 1.091e+09
7.980e-07 1.112e+09
7.990e-07 1.090e+09
8.000e-07 1.072e+09
8.010e-07 1.084e+09
8.020e-07 1.086e+09
8.030e-07 1.066e+09
8.040e-07 1.078e+09
8.050e-07 1.054e+09
8.060e-07 1.097e+09
8.070e-07 1.086e+09
8.080e-07 1.082e+09
8.090e-07 1.055e+09
8.100e-07 1.056e+09
8.110e-07 1.053e+09
8.120e-07 1.027e+09
8.130e-07 1.009e+09
8.140e-07 9.036e+08
8.150e-07 8.952e+08
8.160e-07 8.322e+08
8.170e-07 8.518e+08
8.180e-07 8.226e+08
8.190e-07 9.052e+08
8.200e-07 8.619e+08
8.210e-07 9.976e+08
8.220e-07 9.516e+08
8.230e-07 6.727e+08
8.240e-07 9.351e+08
8.250e-07 9.694e+08
8.260e-07 9.338e+08
8.270e-07 9.846e+08
8.280e-07 8.498e+08
8.290e-07 9.293e+08
8.300e-07 9.160e+08
8.310e-07 9.239e+08
8.320e-07 8.943e+08
8.330e-07 9.565e+08
8.340e-07 9.341e+08
8.350e-07 1.003e+09
8.360e-07 9.723e+08
8.370e-07 1.009e+09
8.380e-07 9.990e+08
8.390e-07 1.001e+09
8.400e-07 1.016e+09
8.410e-07 1.010e+09
8.420e-07 9.970e+08
8.430e-07 1.005e+09
8.440e-07 9.863e+08
8.450e-07 1.016e+09
8.460e-07 1.019e+09
8.470e-07 9.917e+08
8.480e-07 9.922e+08
8.490e-07 9.860e+08
8.500e-07 8.937e+08
8.510e-07 9.749e+08
8.520e-07 9.693e+08
8.530e-07 9.649e+08
8.540e-07 8.511e+08
8.550e-07 9.130e+08
8.560e-07 9.732e+08
8.570e-07 9.917e+08
8.580e-07 9.920e+08
8.590e-07 9.917e+08
8.600e-07 9.882e+08
8.610e-07 9.868e+08
8.620e-07 9.945e+08
8.630e-07 1.000e+09
8.640e-07 9.792e+08
8.650e-07 9.632e+08
8.660e-07 8.490e+08
8.670e-07 9.155e+08
8.680e-07 9.592e+08
8.690e-07 9.496e+08
8.700e-07 9.676e+08
8.710e-07 9.539e+08
8.720e-07 9.669e+08
8.730e-07 9.572e+08
8.740e-07 9.404e+08
8.750e-07 9.269e+08
8.760e-07 9.528e+08
8.770e-07 9.562e+08
8.780e-07 9.524e+08
8.790e-07 9.366e+08
8.800e-07 9.396e+08
8.810e-07 9.086e+08
8.820e-07 9.324e+08
8.830e-07 9.293e+08
8.840e-07 9.330e+08
8.850e-07 9.442e+08
8.860e-07 9.075e+08
8.870e-07 9.106e+08
8.880e-07 9.223e+08
8.890e-07 9.346e+08
8.900e-07 9.239e+08
8.910e-07 9.258e+08
8.920e-07 9.088e+08
8.930e-07 8.733e+08
8.940e-07 8.513e+08
8.950e-07 8.136e+08
8.960e-07 7.625e+08
8.970e-07 6.657e+08
8.980e-07 7.178e+08
8.990e-07 5.487e+08
9.000e-07 7.426e+08
9.010e-07 5.993e+08
9.020e-07 6.679e+08
9.030e-07 6.889e+08
9.040e-07 8.446e+08
9.050e-07 8.171e+08
9.060e-07 7.756e+08
9.070e-07 6.385e+08
9.080e-07 6.522e+08
9.090e-07 7.043e+08
9.100e-07 6.247e+08
9.110e-07 6.681e+08
9.120e-07 6.889e+08
9.130e-07 6.283e+08
9.140e-07 6.265e+08
9.150e-07 6.784e+08
9.160e-07 5.765e+08
9.170e-07 7.302e+08
9.180e-07 5.927e+08
9.190e-07 7.388e+08
9.200e-07 7.441e+08
9.210e-07 7.805e+08
9.220e-07 7.003e+08
9.230e-07 7.450e+08
9.240e-07 7.215e+08
9.250e-07 7.111e+08
9.260e-07 7.033e+08
9.270e-07 7.874e+08
9.280e-07 5.897e+08
9.290e-07 5.513e+08
9.300e-07 4.321e+08
9.310e-07 4.092e+08
9.320e-07 3.009e+08
9.330e-07 2.484e+08
9.340e-07 1.438e+08
9.350e-07 2.508e+08
9.360e-07 1.614e+08
9.370e-07 1.634e+08
9.380e-07 2.006e+08
9.390e-07 3.989e+08
9.400e-07 4.718e+08
9.410e-07 3.720e+08
9.420e-07 4.053e+08
9.430e-07 2.783e+08
9.440e-07 2.858e+08
9.450e-07 3.682e+08
9.460e-07 1.946e+08
9.470e-07 3.711e+08
9.480e-07 2.742e+08
9.490e-07 4.940e+08
9.500e-07 1.473e+08
9.510e-07 4.838e+08
9.520e-07 2.689e+08
9.530e-07 3.436e+08
9.540e-07 4.241e+08
9.550e-07 3.412e+08
9.560e-07 3.282e+08
9.570e-07 2.707e+08
9.580e-07 4.610e+08
9.590e-07 3.738e+08
9.600e-07 4.207e+08
9.610e-07 4.612e+08
9.620e-07 4.417e+08
9.630e-07 5.050e+08
9.640e-07 4.586e+08
9.650e-07 5.037e+08
9.660e-07 5.028e+08
9.670e-07 5.024e+08
9.680e-07 6.521e+08
9.690e-07 6.862e+08
9.700e-07 6.346e+08
9.710e-07 7.140e+08
9.720e-07 6.876e+08
9.730e-07 6.065e+08
9.740e-07 5.753e+08
9.750e-07 5.899e+08
9.760e-07 5.719e+08
9.770e-07 6.386e+08
9.780e-07 6.151e+08
9.790e-07 6.382e+08
9.800e-07 6.047e+08
9.810e-07 7.134e+08
9.820e-07 6.922e+08
9.830e-07 6.686e+08
9.840e-07 7.373e+08
9.850e-07 6.882e+08
9.860e-07 7.508e+08
9.870e-07 7.393e+08
9.880e-07 7.346e+08
9.890e-07 7.491e+08
9.900e-07 7.323e+08
9.910e-07 7.536e+08
9.920e-07 7.510e+08
9.930e-07 7.373e+08
9.940e-07 7.541e+08
9.950e-07 7.518e+08
9.960e-07 7.488e+08
9.970e-07 7.397e+08
9.980e-07 7.389e+08
9.990e-07 7.386e+08
1.000e-06 7.353e+08
1.001e-06 7.444e+08
1.002e-06 7.280e+08
1.003e-06 7.344e+08
1.004e-06 7.234e+08
1.005e-06 6.817e+08
1.006e-06 7.125e+08
1.007e-06 7.275e+08
1.008e-06 7.268e+08
1.009e-06 7.197e+08
1.010e-06 7.191e+08
1.011e-06 7.228e+08
1.012e-06 7.188e+08
1.013e-06 7.176e+08
1.014e-06 7.207e+08
1.015e-06 7.082e+08
1.016e-06 7.113e+08
1.017e-06 7.034e+08
1.018e-06 7.142e+08
1.019e-06 6.888e+08
1.020e-06 6.990e+08
1.021e-06 7.018e+08
1.022e-06 6.897e+08
1.023e-06 6.951e+08
1.024e-06 6.906e+08
1.025e-06 6.975e+08
1.026e-06 6.964e+08
1.027e-06 6.930e+08
1.028e-06 6.938e+08
1.029e-06 6.863e+08
1.030e-06 6.906e+08
1.031e-06 6.874e+08
1.032e-06 6.879e+08
1.033e-06 6.761e+08
1.034e-06 6.802e+08
1.035e-06 6.823e+08
1.036e-06 6.820e+08
1.037e-06 6.750e+08
1.038e-06 6.717e+08
1.039e-06 6.764e+08
1.040e-06 6.717e+08
1.041e-06 6.718e+08
1.042e-06 6.720e+08
1.043e-06 6.652e+08
1.044e-06 6.683e+08
1.045e-06 6.645e+08
1.046e-06 6.471e+08
1.047e-06 6.569e+08
1.048e-06 6.627e+08
1.049e-06 6.590e+08
1.050e-06 6.546e+08
1.051e-06 6.552e+08
1.052e-06 6.512e+08
1.053e-06 6.492e+08
1.054e-06 6.465e+08
1.055e-06 6.485e+08
1.056e-06 6.464e+08
1.057e-06 6.448e+08
1.058e-06 6.382e+08
1.059e-06 6.188e+08
1.060e-06 6.358e+08
1.061e-06 6.212e+08
1.062e-06 6.327e+08
1.063e-06 6.224e+08
1.064e-06 6.320e+08
1.065e-06 6.291e+08
1.066e-06 6.171e+08
1.067e-06 6.203e+08
1.068e-06 6.194e+08
1.069e-06 5.863e+08
1.070e-06 6.047e+08
1.071e-06 6.166e+08
1.072e-06 6.154e+08
1.073e-06 6.036e+08
1.074e-06 6.216e+08
1.075e-06 5.925e+08
1.076e-06 6.147e+08
1.077e-06 6.043e+08
1.078e-06 6.032e+08
1.079e-06 6.047e+08
1.080e-06 5.972e+08
1.081e-06 5.808e+08
1.082e-06 5.894e+08
1.083e-06 5.981e+08
1.084e-06 5.785e+08
1.085e-06 5.933e+08
1.086e-06 5.541e+08
1.087e-06 5.670e+08
1.088e-06 5.932e+08
1.089e-06 5.792e+08
1.090e-06 5.557e+08
1.091e-06 5.884e+08
1.092e-06 5.812e+08
1.093e-06 5.106e+08
1.094e-06 5.396e+08
1.095e-06 5.207e+08
1.096e-06 5.032e+08
1.097e-06 5.785e+08
1.098e-06 5.029e+08
1.099e-06 5.077e+08
1.100e-06 4.858e+08
1.101e-06 4.970e+08
1.102e-06 4.688e+08
1.103e-06 4.664e+08
1.104e-06 4.676e+08
1.105e-06 5.064e+08
1.106e-06 3.979e+08
1.107e-06 4.830e+08
1.108e-06 4.156e+08
1.109e-06 4.128e+08
1.110e-06 4.790e+08
1.111e-06 3.315e+08
1.112e-06 4.136e+08
1.113e-06 2.685e+08
1.114e-06 2.998e+08
1.115e-06 2.499e+08
1.116e-06 2.014e+08
1.117e-06 7.962e+07
1.118e-06 2.175e+08
1.119e-06 1.132e+08
1.120e-06 1.419e+08
1.121e-06 1.859e+08
1.122e-06 8.169e+07
1.123e-06 1.282e+08
1.124e-06 1.087e+08
1.125e-06 1.443e+08
1.126e-06 5.159e+07
1.127e-06 1.572e+08
1.128e-06 9.922e+07
1.129e-06 1.059e+08
1.130e-06 7.057e+07
1.131e-06 2.956e+08
1.132e-06 2.341e+08
1.133e-06 1.533e+08
1.134e-06 4.174e+07
1.135e-06 1.546e+07
1.136e-06 1.288e+08
1.137e-06 2.878e+08
1.138e-06 2.033e+08
1.139e-06 2.985e+08
1.140e-06 2.560e+08
1.141e-06 1.934e+08
1.142e-06 2.248e+08
1.143e-06 3.118e+08
1.144e-06 1.133e+08
1.145e-06 1.460e+08
1.146e-06 1.576e+08
1.147e-06 5.918e+07
1.148e-06 2.711e+08
1.149e-06 2.185e+08
1.150e-06 1.216e+08
1.151e-06 2.034e+08
1.152e-06 2.476e+08
1.153e-06 2.381e+08
1.154e-06 1.425e+08
1.155e-06 3.132e+08
1.156e-06 2.809e+08
1.157e-06 3.146e+08
1.158e-06 3.117e+08
1.159e-06 3.369e+08
1.160e-06 2.865e+08
1.161e-06 3.475e+08
1.162e-06 3.500e+08
1.163e-06 4.686e+08
1.164e-06 4.019e+08
1.165e-06 3.886e+08
1.166e-06 3.749e+08
1.167e-06 4.100e+08
1.168e-06 4.195e+08
1.169e-06 4.231e+08
1.170e-06 4.587e+08
1.171e-06 4.483e+08
1.172e-06 4.548e+08
1.173e-06 4.564e+08
1.174e-06 3.369e+08
1.175e-06 4.524e+08
1.176e-06 4.768e+08
1.177e-06 4.724e+08
1.178e-06 3.600e+08
1.179e-06 4.837e+08
1.180e-06 4.407e+08
1.181e-06 4.551e+08
1.182e-06 3.232e+08
1.183e-06 4.387e+08
1.184e-06 4.198e+08
1.185e-06 4.074e+08
1.186e-06 4.772e+08
1.187e-06 4.558e+08
1.188e-06 3.350e+08
1.189e-06 4.157e+08
1.190e-06 4.624e+08
1.191e-06 4.466e+08
1.192e-06 4.734e+08
1.193e-06 4.543e+08
1.194e-06 4.689e+08
1.195e-06 4.470e+08
1.196e-06 4.313e+08
1.197e-06 4.772e+08
1.198e-06 4.339e+08
1.199e-06 3.649e+08
1.200e-06 4.482e+08
1.201e-06 4.371e+08
1.202e-06 4.372e+08
1.203e-06 4.341e+08
1.204e-06 3.625e+08
1.205e-06 4.369e+08
1.206e-06 4.809e+08
1.207e-06 4.299e+08
1.208e-06 4.335e+08
1.209e-06 4.143e+08
1.210e-06 4.534e+08
1.211e-06 4.223e+08
1.212e-06 4.249e+08
1.213e-06 4.696e+08
1.214e-06 4.341e+08
1.215e-06 4.278e+08
1.216e-06 4.664e+08
1.217e-06 4.553e+08
1.218e-06 4.593e+08
1.219e-06 4.466e+08
1.220e-06 4.580e+08
1.221e-06 4.653e+08
1.222e-06 4.514e+08
1.223e-06 4.441e+08
1.224e-06 4.481e+08
1.225e-06 4.624e+08
1.226e-06 4.682e+08
1.227e-06 4.330e+08
1.228e-06 4.666e+08
1.229e-06 4.672e+08
1.230e-06 4.600e+08
1.231e-06 4.720e+08
1.232e-06 4.663e+08
1.233e-06 4.540e+08
1.234e-06 4.702e+08
1.235e-06 4.650e+08
1.236e-06 4.691e+08
1.237e-06 4.634e+08
1.238e-06 4.680e+08
1.239e-06 4.627e+08
1.240e-06 4.608e+08
1.241e-06 4.620e+08
1.242e-06 4.625e+08
1.243e-06 4.575e+08
1.244e-06 4.553e+08
1.245e-06 4.566e+08
1.246e-06 4.594e+08
1.247e-06 4.575e+08
1.248e-06 4.586e+08
1.249e-06 4.597e+08
1.250e-06 4.570e+08
1.251e-06 4.526e+08
1.252e-06 4.510e+08
1.253e-06 4.477e+08
1.254e-06 4.436e+08
1.255e-06 4.507e+08
1.256e-06 4.402e+08
1.257e-06 4.353e+08
1.258e-06 4.450e+08
1.259e-06 4.272e+08
1.260e-06 4.311e+08
1.261e-06 4.115e+08
1.262e-06 3.957e+08
1.263e-06 4.002e+08
1.264e-06 3.715e+08
1.265e-06 3.957e+08
1.266e-06 3.853e+08
1.267e-06 3.882e+08
1.268e-06 3.705e+08
1.269e-06 2.465e+08
1.270e-06 3.874e+08
1.271e-06 4.082e+08
1.272e-06 4.088e+08
1.273e-06 4.062e+08
1.274e-06 4.061e+08
1.275e-06 4.123e+08
1.276e-06 4.169e+08
1.277e-06 4.200e+08
1.278e-06 4.276e+08
1.279e-06 4.246e+08
1.280e-06 4.220e+08
1.281e-06 4.134e+08
1.282e-06 3.730e+08
1.283e-06 4.073e+08
1.284e-06 4.208e+08
1.285e-06 4.240e+08
1.286e-06 4.271e+08
1.287e-06 4.221e+08
1.288e-06 4.199e+08
1.289e-06 4.094e+08
1.290e-06 4.128e+08
1.291e-06 4.179e+08
1.292e-06 3.962e+08
1.293e-06 4.126e+08
1.294e-06 4.042e+08
1.295e-06 4.051e+08
1.296e-06 3.896e+08
1.297e-06 3.713e+08
1.298e-06 3.918e+08
1.299e-06 4.085e+08
1.300e-06 3.531e+08
1.301e-06 3.623e+08
1.302e-06 3.918e+08
1.303e-06 3.462e+08
1.304e-06 3.006e+08
1.305e-06 3.838e+08
1.306e-06 3.845e+08
1.307e-06 3.059e+08
1.308e-06 3.470e+08
1.309e-06 3.841e+08
1.310e-06 3.011e+08
1.311e-06 3.337e+08
1.312e-06 3.334e+08
1.313e-06 3.135e+08
1.314e-06 2.883e+08
1.315e-06 2.858e+08
1.316e-06 3.242e+08
1.317e-06 3.122e+08
1.318e-06 3.333e+08
1.319e-06 2.686e+08
1.320e-06 2.587e+08
1.321e-06 2.987e+08
1.322e-06 3.022e+08
1.323e-06 2.328e+08
1.324e-06 2.625e+08
1.325e-06 3.222e+08
1.326e-06 2.805e+08
1.327e-06 2.662e+08
1.328e-06 2.345e+08
1.329e-06 1.776e+08
1.330e-06 2.292e+08
1.331e-06 1.448e+08
1.332e-06 1.458e+08
1.333e-06 2.030e+08
1.334e-06 1.692e+08
1.335e-06 2.312e+08
1.336e-06 1.835e+08
1.337e-06 1.645e+08
1.338e-06 1.780e+08
1.339e-06 1.768e+08
1.340e-06 1.683e+08
1.341e-06 1.704e+08
1.342e-06 1.780e+08
1.343e-06 1.271e+08
1.344e-06 7.564e+07
1.345e-06 1.090e+08
1.346e-06 5.819e+07
1.347e-06 6.012e+07
1.348e-06 4.745e+06
1.349e-06 1.616e+07
1.350e-06 1.602e+07
1.351e-06 4.630e+06
1.352e-06 1.516e+06
1.353e-06 9.610e+04
1.354e-06 2.901e+05
1.355e-06 3.603e+03
1.356e-06 4.807e+04
1.357e-06 7.179e+04
1.358e-06 4.195e+03
1.359e-06 7.344e+02
1.360e-06 2.140e+03
1.361e-06 4.813e+00
1.362e-06 1.808e-02
1.363e-06 3.156e+03
1.364e-06 1.359e+03
1.365e-06 9.076e-03
1.366e-06 1.279e+04
1.367e-06 4.976e+03
1.368e-06 1.481e-04
1.369e-06 5.167e+02
1.370e-06 2.920e+02
1.371e-06 1.973e+01
1.372e-06 2.750e+03
1.373e-06 4.440e+04
1.374e-06 1.792e+05
1.375e-06 3.233e+05
1.376e-06 2.575e+05
1.377e-06 1.227e+05
1.378e-06 1.109e+06
1.379e-06 5.216e+04
1.380e-06 8.159e+04
1.381e-06 2.372e+03
1.382e-06 2.567e+03
1.383e-06 4.402e+01
1.384e-06 6.169e+02
1.385e-06 2.090e+03
1.386e-06 2.522e+03
1.387e-06 1.990e+05
1.388e-06 4.026e+03
1.389e-06 5.810e+05
1.390e-06 4.933e+05
1.391e-06 3.438e+05
1.392e-06 2.378e+04
1.393e-06 1.159e+05
1.394e-06 7.553e+04
1.395e-06 6.714e+02
1.396e-06 6.322e+00
1.397e-06 4.906e+04
1.398e-06 1.270e+06
1.399e-06 8.123e+05
1.400e-06 3.247e+00
1.401e-06 1.053e+01
1.402e-06 1.835e+06
1.403e-06 2.380e+06
1.404e-06 7.389e+05
1.405e-06 3.644e+02
1.406e-06 2.045e+06
1.407e-06 1.746e+05
1.408e-06 1.649e+06
1.409e-06 6.192e+05
1.410e-06 4.665e+05
1.411e-06 2.114e+06
1.412e-06 2.640e+06
1.413e-06 2.335e+07
1.414e-06 3.638e+05
1.415e-06 1.837e+05
1.416e-06 3.556e+07
1.417e-06 1.176e+07
1.418e-06 1.356e+07
1.419e-06 2.144e+06
1.420e-06 8.272e+06
1.421e-06 9.164e+06
1.422e-06 4.631e+07
1.423e-06 9.220e+06
1.424e-06 1.698e+07
1.425e-06 2.585e+07
1.426e-06 2.779e+07
1.427e-06 4.955e+07
1.428e-06 4.559e+06
1.429e-06 3.802e+07
1.430e-06 6.160e+07
1.431e-06 5.016e+07
1.432e-06 2.519e+06
1.433e-06 3.583e+07
1.434e-06 2.096e+07
1.435e-06 2.142e+07
1.436e-06 3.835e+07
1.437e-06 2.988e+07
1.438e-06 1.326e+07
1.439e-06 5.104e+07
1.440e-06 3.960e+07
1.441e-06 3.180e+07
1.442e-06 3.632e+07
1.443e-06 4.506e+07
1.444e-06 6.179e+07
1.445e-06 4.975e+07
1.446e-06 2.310e+07
1.447e-06 3.622e+07
1.448e-06 1.157e+08
1.449e-06 1.021e+08
1.450e-06 2.741e+07
1.451e-06 1.127e+07
1.452e-06 6.236e+07
1.453e-06 8.198e+07
1.454e-06 1.376e+08
1.455e-06 6.615e+07
1.456e-06 8.851e+07
1.457e-06 1.170e+08
1.458e-06 1.364e+08
1.459e-06 1.631e+08
1.460e-06 8.542e+07
1.461e-06 9.028e+07
1.462e-06 1.306e+08
1.463e-06 4.322e+07
1.464e-06 1.518e+08
1.465e-06 9.338e+07
1.466e-06 6.520e+07
1.467e-06 3.605e+07
1.468e-06 7.694e+07
1.469e-06 9.484e+07
1.470e-06 4.968e+07
1.471e-06 1.785e+07
1.472e-06 4.677e+07
1.473e-06 7.020e+07
1.474e-06 9.734e+07
1.475e-06 1.846e+08
1.476e-06 6.878e+07
1.477e-06 6.974e+07
1.478e-06 6.348e+07
1.479e-06 1.200e+08
1.480e-06 6.064e+07
1.481e-06 1.153e+08
1.482e-06 5.849e+07
1.483e-06 1.486e+08
1.484e-06 1.375e+08
1.485e-06 1.250e+08
1.486e-06 1.234e+08
1.487e-06 6.063e+07
1.488e-06 9.418e+07
1.489e-06 1.897e+08
1.490e-06 1.748e+08
1.491e-06 1.978e+08
1.492e-06 1.644e+08
1.493e-06 1.816e+08
1.494e-06 2.037e+08
1.495e-06 1.825e+08
1.496e-06 1.685e+08
1.497e-06 2.285e+08
1.498e-06 1.897e+08
1.499e-06 2.176e+08
1.500e-06 2.506e+08
1.501e-06 2.655e+08
1.502e-06 2.336e+08
1.503e-06 1.849e+08
1.504e-06 1.603e+08
1.505e-06 1.840e+08
1.506e-06 2.577e+08
1.507e-06 2.551e+08
1.508e-06 2.430e+08
1.509e-06 1.869e+08
1.510e-06 2.705e+08
1.511e-06 2.647e+08
1.512e-06 2.607e+08
1.513e-06 2.424e+08
1.514e-06 2.257e+08
1.515e-06 2.657e+08
1.516e-06 2.568e+08
1.517e-06 2.493e+08
1.518e-06 2.521e+08
1.519e-06 2.444e+08
1.520e-06 2.645e+08
1.521e-06 2.750e+08
1.522e-06 2.638e+08
1.523e-06 2.800e+08
1.524e-06 2.754e+08
1.525e-06 2.588e+08
1.526e-06 2.674e+08
1.527e-06 2.622e+08
1.528e-06 2.793e+08
1.529e-06 2.724e+08
1.530e-06 2.552e+08
1.531e-06 2.697e+08
1.532e-06 2.784e+08
1.533e-06 2.771e+08
1.534e-06 2.689e+08
1.535e-06 2.669e+08
1.536e-06 2.746e+08
1.537e-06 2.734e+08
1.538e-06 2.720e+08
1.539e-06 2.730e+08
1.540e-06 2.649e+08
1.541e-06 2.690e+08
1.542e-06 2.693e+08
1.543e-06 2.721e+08
1.544e-06 2.721e+08
1.545e-06 2.770e+08
1.546e-06 2.748e+08
1.547e-06 2.731e+08
1.548e-06 2.668e+08
1.549e-06 2.734e+08
1.550e-06 2.699e+08
1.551e-06 2.706e+08
1.552e-06 2.718e+08
1.553e-06 2.713e+08
1.554e-06 2.647e+08
1.555e-06 2.676e+08
1.556e-06 2.631e+08
1.557e-06 2.706e+08
1.558e-06 2.685e+08
1.559e-06 2.681e+08
1.560e-06 2.657e+08
1.561e-06 2.700e+08
1.562e-06 2.676e+08
1.563e-06 2.667e+08
1.564e-06 2.626e+08
1.565e-06 2.673e+08
1.566e-06 2.624e+08
1.567e-06 2.631e+08
1.568e-06 2.572e+08
1.569e-06 2.545e+08
1.570e-06 2.418e+08
1.571e-06 2.351e+08
1.572e-06 2.378e+08
1.573e-06 2.341e+08
1.574e-06 2.414e+08
1.575e-06 2.397e+08
1.576e-06 2.468e+08
1.577e-06 2.160e+08
1.578e-06 2.352e+08
1.579e-06 2.367e+08
1.580e-06 2.446e+08
1.581e-06 2.487e+08
1.582e-06 2.420e+08
1.583e-06 2.476e+08
1.584e-06 2.490e+08
1.585e-06 2.587e+08
1.586e-06 2.557e+08
1.587e-06 2.530e+08
1.588e-06 2.511e+08
1.589e-06 2.323e+08
1.590e-06 2.418e+08
1.591e-06 2.420e+08
1.592e-06 2.522e+08
1.593e-06 2.583e+08
1.594e-06 2.562e+08
1.595e-06 2.582e+08
1.596e-06 2.445e+08
1.597e-06 2.469e+08
1.598e-06 2.542e+08
1.599e-06 2.420e+08
1.600e-06 2.381e+08
1.601e-06 2.232e+08
1.602e-06 2.241e+08
1.603e-06 2.240e+08
1.604e-06 2.284e+08
1.605e-06 2.368e+08
1.606e-06 2.414e+08
1.607e-06 2.330e+08
1.608e-06 2.299e+08
1.609e-06 2.273e+08
1.610e-06 2.176e+08
1.611e-06 2.268e+08
1.612e-06 2.308e+08
1.613e-06 2.372e+08
1.614e-06 2.384e+08
1.615e-06 2.410e+08
1.616e-06 2.305e+08
1.617e-06 2.346e+08
1.618e-06 2.435e+08
1.619e-06 2.410e+08
1.620e-06 2.345e+08
1.621e-06 2.343e+08
1.622e-06 2.375e+08
1.623e-06 2.425e+08
1.624e-06 2.427e+08
1.625e-06 2.378e+08
1.626e-06 2.397e+08
1.627e-06 2.408e+08
1.628e-06 2.413e+08
1.629e-06 2.414e+08
1.630e-06 2.365e+08
1.631e-06 2.381e+08
1.632e-06 2.382e+08
1.633e-06 2.327e+08
1.634e-06 2.328e+08
1.635e-06 2.337e+08
1.636e-06 2.354e+08
1.637e-06 2.270e+08
1.638e-06 2.201e+08
1.639e-06 2.203e+08
1.640e-06 2.151e+08
1.641e-06 2.196e+08
1.642e-06 2.208e+08
1.643e-06 2.154e+08
1.644e-06 2.236e+08
1.645e-06 2.182e+08
1.646e-06 2.175e+08
1.647e-06 2.277e+08
1.648e-06 2.166e+08
1.649e-06 2.187e+08
1.650e-06 2.253e+08
1.651e-06 2.086e+08
1.652e-06 2.237e+08
1.653e-06 2.228e+08
1.654e-06 2.158e+08
1.655e-06 2.223e+08
1.656e-06 2.210e+08
1.657e-06 2.222e+08
1.658e-06 2.249e+08
1.659e-06 2.212e+08
1.660e-06 2.233e+08
1.661e-06 2.238e+08
1.662e-06 2.191e+08
1.663e-06 2.224e+08
1.664e-06 2.210e+08
1.665e-06 2.118e+08
1.666e-06 1.788e+08
1.667e-06 2.107e+08
1.668e-06 2.146e+08
1.669e-06 2.152e+08
1.670e-06 2.217e+08
1.671e-06 2.188e+08
1.672e-06 2.115e+08
1.673e-06 2.163e+08
1.674e-06 2.158e+08
1.675e-06 2.136e+08
1.676e-06 2.114e+08
1.677e-06 2.123e+08
1.678e-06 2.092e+08
1.679e-06 2.130e+08
1.680e-06 2.056e+08
1.681e-06 1.945e+08
1.682e-06 2.037e+08
1.683e-06 2.091e+08
1.684e-06 1.980e+08
1.685e-06 2.132e+08
1.686e-06 2.103e+08
1.687e-06 2.048e+08
1.688e-06 2.101e+08
1.689e-06 2.072e+08
1.690e-06 2.052e+08
1.691e-06 1.930e+08
1.692e-06 2.071e+08
1.693e-06 2.113e+08
1.694e-06 2.048e+08
1.695e-06 2.097e+08
1.696e-06 2.092e+08
1.697e-06 1.811e+08
1.698e-06 2.074e+08
1.699e-06 2.055e+08
1.700e-06 1.998e+08
1.702e-06 2.040e+08
1.705e-06 1.978e+08
1.710e-06 1.879e+08
1.715e-06 1.896e+08
1.720e-06 1.870e+08
1.725e-06 1.781e+08
1.730e-06 1.741e+08
1.735e-06 1.615e+08
1.740e-06 1.682e+08
1.745e-06 1.548e+08
1.750e-06 1.657e+08
1.755e-06 1.530e+08
1.760e-06 1.600e+08
1.765e-06 1.328e+08
1.770e-06 1.417e+08
1.775e-06 1.148e+08
1.780e-06 1.005e+08
1.785e-06 7.698e+07
1.790e-06 8.890e+07
1.795e-06 4.693e+07
1.800e-06 3.183e+07
1.805e-06 1.482e+07
1.810e-06 9.691e+06
1.815e-06 3.282e+06
1.820e-06 9.876e+05
1.825e-06 1.274e+06
1.830e-06 5.204e+03
1.835e-06 6.419e+03
1.840e-06 6.270e+01
1.845e-06 6.266e+03
1.850e-06 2.999e+03
1.855e-06 2.840e+02
1.860e-06 1.115e+04
1.865e-06 1.698e+04
1.870e-06 2.666e-01
1.875e-06 4.513e-01
1.880e-06 7.750e+04
1.885e-06 4.389e+04
1.890e-06 2.233e+05
1.895e-06 1.295e+05
1.900e-06 8.622e+02
1.905e-06 5.667e+02
1.910e-06 2.304e+04
1.915e-06 1.995e+04
1.920e-06 4.507e+05
1.925e-06 9.362e+05
1.930e-06 5.524e+05
1.935e-06 3.594e+06
1.940e-06 3.282e+06
1.945e-06 1.086e+07
1.950e-06 1.673e+07
1.955e-06 1.004e+07
1.960e-06 2.191e+07
1.965e-06 2.856e+07
1.970e-06 4.885e+07
1.975e-06 6.786e+07
1.980e-06 7.551e+07
1.985e-06 8.306e+07
1.990e-06 8.561e+07
1.995e-06 8.119e+07
2.000e-06 3.816e+07
2.005e-06 1.500e+07
2.010e-06 3.975e+07
2.015e-06 2.665e+07
2.020e-06 4.498e+07
2.025e-06 7.401e+07
2.030e-06 8.486e+07
2.035e-06 9.639e+07
2.040e-06 8.978e+07
2.045e-06 9.107e+07
2.050e-06 6.793e+07
2.055e-06 5.491e+07
2.060e-06 6.919e+07
2.065e-06 6.188e+07
2.070e-06 6.568e+07
2.075e-06 7.744e+07
2.080e-06 8.681e+07
2.085e-06 8.510e+07
2.090e-06 8.910e+07
2.095e-06 8.975e+07
2.100e-06 8.613e+07
2.105e-06 9.315e+07
2.110e-06 8.965e+07
2.115e-06 9.167e+07
2.120e-06 8.759e+07
2.125e-06 8.863e+07
2.130e-06 8.977e+07
2.135e-06 9.004e+07
2.140e-06 9.077e+07
2.145e-06 8.949e+07
2.150e-06 8.464e+07
2.155e-06 8.484e+07
2.160e-06 8.417e+07
2.165e-06 7.631e+07
2.170e-06 8.200e+07
2.175e-06 8.045e+07
2.180e-06 8.181e+07
2.185e-06 7.455e+07
2.190e-06 7.907e+07
2.195e-06 7.899e+07
2.200e-06 7.120e+07
2.205e-06 7.401e+07
2.210e-06 7.932e+07
2.215e-06 7.627e+07
2.220e-06 7.773e+07
2.225e-06 7.545e+07
2.230e-06 7.577e+07
2.235e-06 7.430e+07
2.240e-06 7.312e+07
2.245e-06 7.084e+07
2.250e-06 7.194e+07
2.255e-06 6.769e+07
2.260e-06 6.693e+07
2.265e-06 6.814e+07
2.270e-06 6.487e+07
2.275e-06 6.402e+07
2.280e-06 6.629e+07
2.285e-06 6.308e+07
2.290e-06 6.322e+07
2.295e-06 6.126e+07
2.300e-06 5.882e+07
2.305e-06 5.917e+07
2.310e-06 6.387e+07
2.315e-06 5.814e+07
2.320e-06 5.203e+07
2.325e-06 5.622e+07
2.330e-06 5.682e+07
2.335e-06 5.797e+07
2.340e-06 4.584e+07
2.345e-06 5.140e+07
2.350e-06 4.154e+07
2.355e-06 4.747e+07
2.360e-06 5.024e+07
2.365e-06 4.941e+07
2.370e-06 3.082e+07
2.375e-06 4.415e+07
2.380e-06 4.255e+07
2.385e-06 3.083e+07
2.390e-06 3.711e+07
2.395e-06 4.059e+07
2.400e-06 4.415e+07
2.405e-06 3.360e+07
2.410e-06 3.381e+07
2.415e-06 2.730e+07
2.420e-06 2.659e+07
2.425e-06 3.308e+07
2.430e-06 4.510e+07
2.435e-06 1.488e+07
2.440e-06 4.325e+07
2.445e-06 2.080e+07
2.450e-06 1.361e+07
2.455e-06 2.485e+07
2.460e-06 3.336e+07
2.465e-06 2.415e+07
2.470e-06 1.673e+07
2.475e-06 1.646e+07
2.480e-06 8.040e+06
2.485e-06 5.610e+06
2.490e-06 3.511e+06
2.495e-06 2.877e+06
2.500e-06 7.064e+06
2.505e-06 1.519e+06
2.510e-06 2.216e+06
2.515e-06 5.188e+05
2.520e-06 3.705e+05
2.525e-06 4.139e+04
2.530e-06 6.359e+02
2.535e-06 1.750e+02
2.540e-06 3.772e+02
2.545e-06 5.376e-02
2.550e-06 2.822e-04
2.555e-06 1.044e+00
2.560e-06 3.102e-02
2.565e-06 1.595e-05
2.570e-06 1.526e-09
2.575e-06 1.079e-18
2.580e-06 3.821e-13
2.585e-06 1.719e-25
2.590e-06 5.479e-22
2.595e-06 2.284e-24
2.600e-06 4.491e-19
2.605e-06 5.805e-26
2.610e-06 5.945e-25
2.615e-06 1.120e-28
2.620e-06 5.651e-20
2.625e-06 3.869e-19
2.630e-06 2.803e-36
2.635e-06 3.903e-07
2.640e-06 1.175e-07
2.645e-06 8.999e-10
2.650e-06 1.430e-10
2.655e-06 1.313e-18
2.660e-06 2.607e-16
2.665e-06 1.112e-28
2.670e-06 0.000e+00
2.675e-06 0.000e+00
2.680e-06 0.000e+00
2.685e-06 0.000e+00
2.690e-06 1.023e-20
2.695e-06 7.128e-24
2.700e-06 0.000e+00
2.705e-06 2.932e-33
2.710e-06 1.125e-26
2.715e-06 3.856e-17
2.720e-06 5.605e-36
2.725e-06 7.294e-13
2.730e-06 6.073e-10
2.735e-06 5.489e-12
2.740e-06 2.331e-18
2.745e-06 1.315e-14
2.750e-06 1.665e-19
2.755e-06 6.726e-35
2.760e-06 0.000e+00
2.765e-06 2.678e-18
2.770e-06 8.379e-15
2.775e-06 3.999e-29
2.780e-06 4.807e-25
2.785e-06 3.887e-18
2.790e-06 1.217e-07
2.795e-06 3.620e-07
2.800e-06 1.648e-03
2.805e-06 6.748e-05
2.810e-06 4.023e-01
2.815e-06 2.868e-01
2.820e-06 2.055e-02
2.825e-06 1.761e+02
2.830e-06 3.901e+03
2.835e-06 2.128e-01
2.840e-06 1.961e+02
2.845e-06 4.058e+04
2.850e-06 1.157e+03
2.855e-06 4.487e+02
2.860e-06 2.536e+04
2.865e-06 1.676e+05
2.870e-06 6.313e+03
2.875e-06 3.917e+05
2.880e-06 2.472e+05
2.885e-06 4.533e+05
2.890e-06 1.862e+05
2.895e-06 2.664e+06
2.900e-06 8.115e+05
2.905e-06 1.110e+05
2.910e-06 2.722e+06
2.915e-06 1.258e+06
2.920e-06 2.895e+06
2.925e-06 1.084e+06
2.930e-06 5.886e+06
2.935e-06 6.490e+06
2.940e-06 1.627e+06
2.945e-06 1.449e+06
2.950e-06 5.228e+06
2.955e-06 2.336e+06
2.960e-06 4.597e+06
2.965e-06 7.438e+06
2.970e-06 3.523e+05
2.975e-06 8.543e+05
2.980e-06 1.338e+06
2.985e-06 6.963e+06
2.990e-06 1.028e+07
2.995e-06 4.276e+06
3.000e-06 7.847e+06
3.005e-06 2.891e+06
3.010e-06 6.848e+06
3.015e-06 5.555e+06
3.020e-06 6.337e+05
3.025e-06 7.503e+06
3.030e-06 6.075e+06
3.035e-06 2.499e+06
3.040e-06 2.024e+06
3.045e-06 4.209e+06
3.050e-06 1.032e+06
3.055e-06 2.895e+05
3.060e-06 6.301e+06
3.065e-06 2.911e+06
3.070e-06 1.749e+06
3.075e-06 6.022e+06
3.080e-06 3.622e+06
3.085e-06 1.767e+06
3.090e-06 2.380e+06
3.095e-06 6.551e+05
3.100e-06 4.401e+06
3.105e-06 9.216e+05
3.110e-06 8.457e+05
3.115e-06 2.268e+06
3.120e-06 9.820e+06
3.125e-06 3.029e+06
3.130e-06 5.761e+06
3.135e-06 1.145e+07
3.140e-06 3.324e+06
3.145e-06 3.252e+06
3.150e-06 6.674e+06
3.155e-06 5.637e+06
3.160e-06 9.232e+06
3.165e-06 1.402e+07
3.170e-06 1.252e+07
3.175e-06 9.230e+06
3.180e-06 1.062e+07
3.185e-06 8.082e+06
3.190e-06 4.239e+06
3.195e-06 2.693e+06
3.200e-06 4.384e+05
3.205e-06 3.097e+05
3.210e-06 1.363e+05
3.215e-06 4.975e+05
3.220e-06 1.609e+06
3.225e-06 1.988e+05
3.230e-06 3.408e+05
3.235e-06 7.294e+06
3.240e-06 3.746e+06
3.245e-06 7.341e+05
3.250e-06 2.607e+06
3.255e-06 9.938e+06
3.260e-06 1.225e+06
3.265e-06 2.446e+06
3.270e-06 1.219e+06
3.275e-06 5.926e+06
3.280e-06 2.864e+06
3.285e-06 1.113e+07
3.290e-06 8.757e+06
3.295e-06 1.223e+06
3.300e-06 1.779e+06
3.305e-06 3.942e+06
3.310e-06 3.924e+06
3.315e-06 1.613e+04
3.320e-06 5.999e+04
3.325e-06 3.519e+06
3.330e-06 4.662e+06
3.335e-06 9.069e+06
3.340e-06 3.460e+06
3.345e-06 3.541e+06
3.350e-06 8.028e+06
3.355e-06 3.631e+06
3.360e-06 5.240e+06
3.365e-06 7.191e+06
3.370e-06 3.939e+06
3.375e-06 8.456e+06
3.380e-06 5.112e+06
3.385e-06 7.490e+06
3.390e-06 9.855e+06
3.395e-06 9.546e+06
3.400e-06 1.251e+07
3.405e-06 4.459e+06
3.410e-06 7.080e+06
3.415e-06 7.277e+06
3.420e-06 1.316e+07
3.425e-06 1.001e+07
3.430e-06 8.689e+06
3.435e-06 1.155e+07
3.440e-06 8.035e+06
3.445e-06 1.132e+07
3.450e-06 1.115e+07
3.455e-06 8.309e+06
3.460e-06 1.253e+07
3.465e-06 9.818e+06
3.470e-06 1.226e+07
3.475e-06 1.094e+07
3.480e-06 1.122e+07
3.485e-06 1.209e+07
3.490e-06 1.042e+07
3.495e-06 1.226e+07
3.500e-06 1.192e+07
3.505e-06 1.181e+07
3.510e-06 1.196e+07
3.515e-06 1.149e+07
3.520e-06 1.212e+07
3.525e-06 1.143e+07
3.530e-06 1.113e+07
3.535e-06 9.456e+06
3.540e-06 9.031e+06
3.545e-06 9.543e+06
3.550e-06 1.054e+07
3.555e-06 9.058e+06
3.560e-06 1.080e+07
3.565e-06 1.085e+07
3.570e-06 8.338e+06
3.575e-06 8.644e+06
3.580e-06 1.019e+07
3.585e-06 9.167e+06
3.590e-06 9.452e+06
3.595e-06 9.670e+06
3.600e-06 1.026e+07
3.605e-06 1.036e+07
3.610e-06 9.479e+06
3.615e-06 9.473e+06
3.620e-06 1.161e+07
3.625e-06 1.024e+07
3.630e-06 9.955e+06
3.635e-06 1.030e+07
3.640e-06 1.148e+07
3.645e-06 1.060e+07
3.650e-06 1.012e+07
3.655e-06 1.098e+07
3.660e-06 1.091e+07
3.665e-06 1.025e+07
3.670e-06 7.900e+06
3.675e-06 4.829e+06
3.680e-06 8.331e+06
3.685e-06 9.438e+06
3.690e-06 9.692e+06
3.695e-06 1.013e+07
3.700e-06 1.088e+07
3.705e-06 1.077e+07
3.710e-06 9.364e+06
3.715e-06 9.225e+06
3.720e-06 1.038e+07
3.725e-06 1.070e+07
3.730e-06 9.271e+06
3.735e-06 8.584e+06
3.740e-06 8.849e+06
3.745e-06 1.033e+07
3.750e-06 9.290e+06
3.755e-06 8.992e+06
3.760e-06 8.863e+06
3.765e-06 8.550e+06
3.770e-06 9.124e+06
3.775e-06 9.052e+06
3.780e-06 9.575e+06
3.785e-06 8.812e+06
3.790e-06 7.756e+06
3.795e-06 8.869e+06
3.800e-06 9.859e+06
3.805e-06 9.305e+06
3.810e-06 8.245e+06
3.815e-06 7.757e+06
3.820e-06 9.655e+06
3.825e-06 9.506e+06
3.830e-06 9.592e+06
3.835e-06 7.692e+06
3.840e-06 8.976e+06
3.845e-06 8.780e+06
3.850e-06 8.827e+06
3.855e-06 8.508e+06
3.860e-06 7.994e+06
3.865e-06 8.099e+06
3.870e-06 7.360e+06
3.875e-06 6.762e+06
3.880e-06 6.534e+06
3.885e-06 6.772e+06
3.890e-06 6.882e+06
3.895e-06 7.476e+06
3.900e-06 7.925e+06
3.905e-06 7.927e+06
3.910e-06 7.135e+06
3.915e-06 6.987e+06
3.920e-06 6.947e+06
3.925e-06 6.852e+06
3.930e-06 7.050e+06
3.935e-06 7.354e+06
3.940e-06 7.403e+06
3.945e-06 7.541e+06
3.950e-06 7.628e+06
3.955e-06 7.720e+06
3.960e-06 7.748e+06
3.965e-06 7.806e+06
3.970e-06 7.681e+06
3.975e-06 7.510e+06
3.980e-06 7.387e+06
3.985e-06 7.433e+06
3.990e-06 7.372e+06
3.995e-06 7.210e+06
4.000e-06 7.104e+06
